10 9 11 
12 8 6 
8 12 9 
8 1 6 
1 8 9 
10 3 9 
3 1 9 
13 10 62 
13 3 10 
3 2 1 
7 42 6 
13 4 3 
4 2 3 
25 42 7 
1 25 6 
25 7 6 
2 50 1 
27 42 5 
27 5 1 
84 10 11 
85 84 11 
10 84 62 
86 85 11 
42 26 5 
25 26 42 
5 26 1 
26 25 1 
54 58 70 
58 61 62 
4 46 2 
51 54 70 
50 73 1 
73 74 1 
34 43 44 
27 43 42 
43 28 44 
28 43 27 
43 38 42 
38 43 34 
18 38 34 
91 86 11 
71 51 70 
51 71 50 
115 71 70 
74 75 1 
75 76 1 
17 58 62 
38 83 93 
18 83 38 
91 87 86 
86 104 85 
87 104 86 
108 69 68 
69 17 68 
58 69 70 
17 69 58 
49 51 50 
49 48 51 
49 50 2 
48 49 2 
46 47 2 
47 48 2 
48 47 46 
57 58 54 
57 61 58 
51 55 54 
48 52 51 
52 55 51 
72 73 50 
71 72 50 
72 115 73 
115 72 71 
76 123 77 
75 123 76 
73 126 74 
115 126 73 
17 67 68 
84 67 62 
67 17 62 
121 102 81 
18 29 32 
29 18 34 
41 28 27 
41 27 1 
76 41 1 
82 18 81 
82 83 18 
102 82 81 
82 102 113 
87 90 88 
90 87 91 
111 90 91 
92 111 91 
92 91 11 
111 112 113 
112 82 113 
82 112 83 
83 112 93 
112 92 93 
92 112 111 
109 96 95 
103 84 85 
104 103 85 
103 104 108 
103 67 84 
103 108 68 
67 103 68 
105 87 88 
105 104 87 
59 56 54 
56 57 54 
53 52 59 
52 53 55 
53 59 54 
55 53 54 
52 63 59 
63 56 59 
63 48 46 
63 52 48 
56 63 57 
79 78 121 
78 79 32 
80 121 81 
80 79 121 
18 80 81 
80 18 32 
79 80 32 
123 122 77 
122 78 77 
78 122 121 
125 75 74 
126 125 74 
98 115 70 
69 98 70 
98 116 115 
98 69 108 
102 97 96 
98 97 99 
120 102 121 
28 45 44 
45 39 44 
30 39 35 
29 30 35 
30 29 34 
30 34 44 
39 30 44 
37 76 77 
37 41 76 
102 114 113 
114 102 96 
109 114 96 
90 89 88 
106 105 88 
96 106 95 
104 135 108 
65 4 13 
65 46 4 
65 63 46 
65 13 62 
61 65 62 
124 123 75 
125 124 75 
127 126 115 
116 127 115 
127 116 126 
134 125 126 
116 134 126 
134 124 125 
101 97 102 
97 0 96 
0 97 98 
0 106 96 
122 131 121 
131 120 121 
132 122 123 
132 131 122 
39 40 35 
45 40 39 
41 40 28 
40 45 28 
78 33 77 
33 37 77 
33 78 32 
110 114 109 
89 110 109 
110 90 111 
110 89 90 
89 94 88 
106 94 95 
94 106 88 
94 109 95 
94 89 109 
107 98 108 
135 107 108 
107 0 98 
0 107 106 
105 15 104 
15 135 104 
15 107 135 
106 15 105 
107 15 106 
63 60 57 
134 133 124 
132 133 129 
124 133 123 
133 132 123 
117 98 99 
98 117 116 
97 100 99 
101 100 97 
100 117 99 
117 100 118 
131 130 120 
132 130 131 
130 129 118 
130 132 129 
37 36 41 
33 36 37 
40 36 35 
36 40 41 
110 136 114 
114 136 113 
65 64 63 
64 60 63 
57 66 61 
60 66 57 
64 66 60 
66 65 61 
66 64 65 
128 134 116 
117 128 116 
128 117 118 
129 128 118 
133 128 129 
128 133 134 
119 130 118 
130 119 120 
100 119 118 
119 100 101 
120 119 102 
119 101 102 
36 31 35 
31 36 33 
31 29 35 
29 31 32 
31 33 32 
16 111 113 
136 16 113 
16 110 111 
16 136 110 
